IV

111111111111111111111111111111, 1111111111 ,1)11 1111111111 11111. 8,-19 13 Lo.11,2—4),
1111111111,1111111,,111111111111,,Ν11111 8111·11111,111 81111111 1111111111
(compendiose 1ο1111111111111·11)11; dns, 1111, 11111, sps 1111111111111 11111 1111-
111111 111111111111111 111111 1111111 deperditis exstant plnres lacunae:
1111 -111 15, 12- 223 23, 17—773 Jo. 7, 777—733 Lo. 19,
28-21,291111.1,3 9 18 13, 21-18, 20. 8111111)1111’11)11111)111 singuli
uersus 1111 omissi sunt aut enanuenmt.

Periti uiri omnes codicem Veronensem in 1111111 11111111111111111)
1111111 1111111111 111111111111111111111111111811111111111111 11111111111111
11111111111111113 Eusebii 1111111111 tamen 111111 11111 111111 11111111,
non uisum est

Multa sunt 11111 translationem, hoo 11111111 1111111111111111, 11111-
11111111 1111111111111111111111111111 probant:

18111111111111111111 7 7777 77777 77 1111111111 77'77707777 11111111 11Τ11·-
1111111111111111111111ε111111111111,111111111,1111111111

2, 8111111111 11 77· 11111111111111 7777 7777 111111911111111111111111
111)1·1)1); 1777. 7, 23 777,- 7,25· 1111111111 8, 28 f7777s3 9811111111-

777777777731,1 38311118111238111111111121,111111331111121,5111)-
777777,¹ 2339111111124,221)111)1’111)11111111·;11 24, 38 77777773 25, 21,
23 77777777773 25, 347 11111218, 177773 28, 29 7777777 7773 211511111-
1111111111 7077. 2,171111)111)11’111111 2,18 3111111113 4,121111)1’1,·18,58
77 77 77777777777 7„3 181831111811,24111)Ν133111ο1111;122811111131111-
1111111113,81111)1)·1)11,1318111111111; 13, 3877777777'73 14, 18 11111111
1,4 23 777777773 1,7 20 311··1111111111111 Le. 1, 59 7777 77 777 7, 1)
77777'777773 7, 27 77777777777773 8, 22777 77777737777 9,32 1111111118
1811111111111311123811111111 173777773777 22, 33 77777 724, 42
ι1111111 7177 ,18777777 1111111,- 1,828 77s7777 7737 12, 37 77777777 7777, 7,3 128
1)·1111111111111111111111111-1111111111111 111111111111111111 111111,
21 111311111111111131 234777777377 253311111125,381311131111)112,8
1111)·11111,32211111111311111811112241131111113,191))1111)1
7777. 1123111111111111111111. 7,28111111111111127481111181111 J777.
18, 777777‘777,¹ 111 9, 58 1111111111

7177777777777 mom, 777777777777: 777. 3,3377777 77777777777 1111111111
21, 31 7'777777777777 1111101112,131)31111111’1’.Ῑ1131131111111111)-
1111111111,11111111111111111 111111)11);131.1,27111111111111111111111
3,7779777777777 7777· ,4121111111 77 77 1113111) 81211111 7777777777· ,,928
11111111111111111)111·11,,944111111111111111171113·118,81111111111111111111111111
77777777777s 12, 11 11111111 1113 777 s77779797's3 15, 2211 77777777777 7777 777
1111111111 21, 137 777777 7777'77 777 777 77777777 323, 427 777777777 111 7777 077,·77

 

