6. 13. Ε6666611111166666666611166111661166. 17

sederet eb 61116166 turbae 61611661 16 116161·6; 3. 66 loeutus est 66 666
1116166 111 parabolis dicens: 1166661161666116666166666616666666611661.
1. 116 euna seminat, quaedam 666111611166 66666 6166 66 6666616166-
166666 6661166 comederunt tea. 6. 116661166161166616661661666 tnnpetresa
1616616666116166666666·616611111161611161166111116661116666611611616
11661 habebant 6111 6611166666 1··.61666 6 661666166161 61·666666661166·,666 et
1111166611 habebant 66111666, aruerunt. 1. Aba 66166 6661116166116
6111616, 66 61·666611111 spinae et 66116666616116 ea. 8. 11116661666611161666
16 1666661 bonan] et dabant dantum: quaedam centensimum, 616111 66616-
1666116616, 611116 11616 611661161161161. 11. 116111611666666666111661116611166.
111. 116 aecedentes discipuli 61116 dixerunt ei: 116666161161611611616-
161666 ad 6661 11, 111111666166116611666 616 dlis: 11616 uobis datum
6661166666161666 66666 11116 611666 6611 6661166616. 12. (16166161
1161166, 1111661 61,661111111611661161 66616 11611 11616666161611116116

6616166111 ab 66 13 11“166 66 666666166161661 6116, 111 611166166 666
111116661 6661111166166 6611166661 6666 161 6116116666 nequando 666661-
166111 1161116111 16 11166 66611 11161111616611166111161116116661116
11661 616 111116· 666 661161661 16666 6661116 6116116166 666, 66 66166166 uidebitis 66666
uidebitis. 161611666661616 66166161 6666611611 1611166 66 661-11166 suis gna·
uiten 6661611166 66 66111166 6666 gnanuberunt, 66 quando 6666116 61116666 66
auribus 6111116116 66 161116 intellegant 66 conuertuntur, et 6666611 66616666·
661661666 661111 666 6611611 1111166, 61 aures 666661 obstrue, et 66611166 666661

grana ne (616611666611616611666, 66 6666661 11166, 111616 donnaus: 16. 1166161 ¹

61116161116611 6611111, 1161 6111661, 6166166, [1616661666. 11. 6616611166
1161616,1161111611111611116116666616666166616616661661161611(6666661666,

11666 1611166666,6 (dandina, quae 666 66111666, 61 666 6611166666
18 1166666666666611616166661116666 16016616,1166661166·116111661
1·661666666116666116616, 1166161611161666666161, qued seminatum 66666
666·1161111116;111666161166111661616166161666666666. 1611616661
supra 11611661 1666 6611166116 6661661661, 11111 66611661 6611166666-666
61666 6616 6661116661161611166 2186111611116116166666611166166611
661 6661111666116, Facta 6616161 6611161661666661 perseeutione 11661666 uerbum,
16116111666661111161661. 22. 111111 66 666111 66 611116 senuna 116 666, 1116
666,1161661111166661666611161111616616666111166166666616116166
1166161611 61111666161166116616666166116116661661116 23 111111166616
1616 ann 11616 1111 6666166666 666161 66 1161161111166661·”116166666 611616
1116 1166611111 61116666 etfacit 1611661 1111111616 166 66616 61161166 uena·
gabianum, 61111111161611166666111611111116116166666661611166 211 Atiam
parabolam 1166666611 11116 dicens: 8116116 666 regnunt 666166661 11616161,
661661616661611661161 6616166 inagna 6116. 26. 61161 61166111 dormirent

2

 

