111 1111111111111111 secundum J01101111010. , 1,·1.

1111111111, 111 1111111111 1111111111111 1111111111111 11111; 11111 1111111 1111111111
111111 11111 111 11111111.

111. 1. 111111 1111111 1111111 11 1111111111 1111111111Ν111111111111,
princeps 1111111111. 0101 1111111 11111111111111111111111ῑε 1111111,
11111111, 1111111 1111 uenisti 1111111111·;111111111111111111111111111111
1111111, 1111111111111, 11111 1111111 111111 11111111. 31111111111111111 11
dixit 101: 1111100 11111 11111, 11111 1111111111111111111111111111, 11011 1111111
1111111111 1111 11111111. 1. 1111111111111111111111111 1111111111 potest 111111
1111111111 111 1111111111111111111 potest 111 111111 matrissuae 1111111
11111111 11 1111111111 5, Respondit Jssus: 1111111, amen 11111 11111, 11111
11111111111111111111111111111111111·11,11 111111111111111111111 111,1 1111
0110. 0100111011111 111 1111 111·111,111·1,111 (1111111111 1111111·1111111111

111111111111111 111111 1111 11111 11111111,111111111111 111111111111111111
1111111111 tibi: 11111111 111 1·111111111111,11 8. 8111111111111111111 1111111
1111111111 1111111111, 11111 111111 ,11111111111 1111111111 11111111
11111111,11111111111111 1111111111 spirits 1,111111111111111111111
111111 11; 11 1111111111 1111111111111 1111111 (1,11111111111111111111 11
111111111εΤ1111111111111111111111111111111111111111111,1111111111
tibi: (111111111111111111,11 1111111111111·,11 111111111111111111111111111·,11111111111111111
1111111111 11111 recipitis. 12. 811111111111 (1111111111, 11 1111111111,
111,111111111 1111111111 111111111111111, 1111111111 13 8111111111111111111

111,1111111 11111 111111 111 11111111111111111,11111111111111111111111 1111111
14 81111111 111111111111111111111111111111111111111111, 1111111111
1111111111111111 hominis, 15. 111 111111, qui 1111111111111, 11111 11111111,
111111111111111111111111111111,18111111111111111111111 11111111111111,111

11tfili11111s11 11111 011100111 11111,111 111 11111111 1111111·1111111111111,1111111111,
111111111111111111111111111. 1N0010111111 111isittdeu'sfi1i11111s11111111111
111111111111111111111,111111111111111111111111,1111111 1111111111 1111111111111111
11111118. 0111 creditis 11,1111111111111111111111111,1111 111111111111111,
111111 1111111111 1111111, [111111111111111 1111111111 1111111111111111111111111111 1111.
10. Η1111111111111 1111111111,11111111111111111111111111
111111111111111111111111111111111111111111111(1,1111111111111111111 111111111111111111111
1111111.2110111111111111 qui 111111111111111 111111011 1111111 1111111111
11111111 110 111111 111111 1111111 1111; 21, qui 11111111 11111 1111111111,
11111111 1111 11111111111111111111111111111 1111111111111,111111111111111111111111
1111111111. 22 Post 111111111111111111 1111111111 111111111111111111 111 111-
1111111111 11·1111, 111111111111111 111· 11111111. 20 111111 11111111 1111111111
bapt 1111101111111101111 18111111,1111111111111111111111111111111111111111,1111111111-
11111111 1111111 11111111111111 21.11111111111111111ν1111111111111111111111111

 

