142

2111111111 (111111), Me. 1, 1611111 (1111111);1, 11111111 (1111111144
effer (1111111), 2, 131111111111(1111111111), 2, 11111 1111111111(11 111), 2,
2611111111111111 (propositiones), 3, 22 descenderant (11111), 4, 311-
1111111111111111 (semenator semena1·e); 4, 14 1191191111· (negleg.);
4, 3211111111()1111111); 5, 5111111111 (1111111111), 5, 11111 (1111111);
5, 18 1111111111111(1111111. 1111), 6. 14 operentur (01Je1·atu1·);
6, 311111 (11011), 6, 112 de ,1111111111 (111 11111.); 9, 19 spumans
(1111111111), 9, 24 spiritus (11111111), 19, 33 1111111 (111111) 12, 111 119111
(111111), 12, 191111111111 (1111111), 12, 39 1111111111 (1111111111),
12, 44 1111111111 seis (1111111111), 13, 81111111111111(1111111101 ).

Ψ

 

