Notae

de 1111111111 mendis in codiee, 1111111111 1111111111 sunt:

1111. 3, 511111111111111·(111111111111113, 19111111111(111111111; 4, 18
11111111(11111111·19,4,191111111 (111111·92111111111(111112111111111111111111
11111113(111111111111111 12111111111111111(111111111118131111111(11111111
83211111111(1111111111119,1111511111111111(1111111111111; 1281111111111
(1111111111;1211,111111111101111,1228111111111111111(11111111111111111
12111111111111111111(1111111111 13, 13111111 (11111111111111 111,1Γ11111·111111
(1111111111, 19, 2 1111911111 (1111919111 11, 29 1111111111 (1111111111111111, 18,
221111111111111 (11111. 1111111111),18,3211111111111(111111111; 21115111-
111111111 (11111111 1· 21, 31 111111111111111111 (11111111111111412129 nen n'snne
(111111111123,1311111111(111111111123,1111111111(11111111 23, 33
11111111(111111111111·;1111 21, 9111112111111111111112111 111111 1111
(discendat), 2131111111111111111111; 211,,Γ111111111111(11·111111; 35, 50
111111111111111111;21”1, 1911111111111111(1111111111, 29,211·1111111111(1111111111,29,
,3111111 (11111111 2931111111119111111111,29,111111111·11111(111111-
5551533 29, 9911111111111 1111111111 (111111111111111111, 21,1,811111111(11111111; 21,
9111111111111111111111 111111.1,3811111111(111111111,2,1111111111(1111111111
3, 9 see 11111 (1 ,111 Γ111111· , 2, 191111111111111 1111(11111.111·111111·11111111; 2121111111111111
(1111111111, 3,5111111111111(1111111111;31311111111111(11111111111;1 35
111111111111(11111111111;’3,2911111111111(11111111;11 3, 31 11111111111(1111111111; 4,
35enensese1neesss ,1111111111(1111111111111111111 . 555555555551;
4, 45 descendere1 (111111111111111 4, 51 descendente (9111111111111111 5,
5 deseendn 1111111111 (1111111111111111111; 5, 4 descendebat (111111111111111111
9,11311911111(13111111111111; 9,1911111111111111111 (discenderunt), 9, 39
11111111(11111111119,111111111111(1111111911 11119 1111111911 (discendit),

119111111111111111(11111111111;81 1111111111911111111118311111111111111111
‘1 1 1111111111111111111 11, 13 sene 111 (somnus), 1,,Γ19 1111111111

 

