8. 1. 111111111111 1111111111 11111111. 128

1111111111, 11111111111111 11 1111, (11111 1111111 1111111 11111111111·1; 8811
[11111 111 111111111 proficiscuntur, 1118 11111, 11111 111111111111111 1111111111.
16 81 11111 1111111 1111111 11[[11111 11i 811111111. 11 Ε111111 1111111111 111
[1111111111 11111111, 111 1111111111111 1111111 111881111111 eius 1111111111. 1.8 111
1111111111;11111[1111 11111111111111111111 1111111111111111, 1111111111
1111111111 1111111111 11 1111111111 1111111111 11111111111111111; 18.
1188 8111111 introiit 1111111111, 881111111811118111 81111 88888811111 11111,
1111111111 01nn88 88888. 28. Di881181 81118111, quoniam 11[11111111111111
exeunt, i1111 881111111181811111 110111i118111. 21. 11111111 811i111 [1111111111-
11111111111 cogitationes 1118188 1111111111, 1111111111, 22. 11111, 1111111-
tiones, 111111111111, 111111111111111111, 111111, 11111111111111,111111111111,
1118811118111188, 1111111111, 1111111111. 23. 01111118 111111111111111111111-
1111111 111111111111111 1111111111, 21. 111 exurgens 111111 111 fines
Tyrii 11 ingressus 1111111111, 1111111111111 1101111188118 81 11011 1111111 111111.
88. 111111111111 11111111 111 11111111 118 80, 8111118 118118118111118 1111111111
11111111111111, 11111111111111111. 28. 11111 111111 8888 811-01'0811818
genere. Ε111111111 1111, 11 118811101118111 1111111 111 1118 8i118. 21. 1111
[11111 iiii: 111111111111111111 111111111111 11111 11111111 111111111111111
11111111111181811111118181i1111111881811182811111181881011118118118152118111iue,8881
81881818111881111181188 111811111188111 118 11118181111810111111288181111111:
11111, 1111111111111111111111111111111111111111111 [1111111111 111 cupis. 311.
111 1111 11111111 1111111111 111111111111111 1111111111 8111118 11111111, 111111-
11111111 1111111111.1Ε111111111111111111111111 1111111111
111 3111111111 111 11111 11111111 18 1111'81 1111111111 111111 111111111111. 32 111
1111111111111111111111111111[1[,111 1111111111111111111· 1111,1[111111111·11
111i1118111111 33 E1181188ipi8118811n1118118118880188111‚ 11111111 misit
[1111111 11111111111111111111111111111111111 81118 311111111111111
11 1111111,111111111111111111; 1111111, 111111 1111111111111. 38. 111 8881·-
1111111111111111,1111111111111111111111 11111111111111-111[11
1111181 80811118111181 38 Ε1··1111[·111111111111111111111111111113111111111
111111111111111111111111111111111111111111[·111111111111111 1118811188
8888 111111118 11111, 11 1111111 11111111 1111111111 1111111111 1111111111.

11111. 1111111111 11111 11i8111181 1111111 11111 18111111811118 1111111,
81118811811818u [11111 111111111111, 1111111111 [1111111111111 1111118:
1111111111· 1111111· 111111 11111111, [11[11111111 11111111111111111, 1111111 1111118
811111,81811111811111111111111111181111118811‘81118111818808181118118nolu,
118 18 1111111111· 11 1111, [1111111111 [1111111111 1111111 11111111 1111111111.
Ε1 18811101118111111 11 [1111111111 8111: 111111 181118 [1111 11111111 11·111181·8
111111111111111111 11111111. 1118 ,111111111111111111 1111111 18881181181'18?

9

 

