,13 111111111111111 1111111111 11111111111111, 0, 4.

111 1111 111115 1111111551111511115 111 111111111 111111111111 151 1111 111 11 111111
11111111111, 1111 111111 11111 111111,1111 1111111111111111,1111111111111111 1111111111111
1·111111111, 13.111511151155115t1ffl11115,11510551111111111111111115 1111111111,
11 1155110111111111111151115:1105 1111111111 1111 ,1111111111
115115111111511,11111111151111111551111111,.113 q111q115511111111110511111115
511111115,q1151111151155, 1111 111115111111551· ,11111111 1011'11151 15. 111111
11111111 11151: 1151111115, 11111111111111111111111 11, 23 11111111111111111111·
11111111,11111111111111, 511155 11111111, 11111111 111515501511115 551105115,1111i
11111111 1111111111. 31, 1115111111155115: 011111 1111111,1111111’,1]1111111111
111111- 111111, 1111 1111111 111 1111111111, 1111111111 111111111111111111-
111111115 11111111. 22, 11111111111111, 1]111111111111111; 1105511015111115, 1111011
11111111,111111111111111111111 111111 551. 123. 3111111111 11·11111,1111111111
11·1, 11111 11111111111111111111111,111111111 115115111' 11111111’1111111111·1111,1
1115111111115151 11111111111111, qui11101511511111115115151 245 311i111115
51111511551,1115551115111115111111151111115111511111111011515101
11·,11 211 11151151 111111151 5110 q1111111111551115 1111 1111111 11111111· 101111-
11111)111111111111111111111111111111111111111111111 23, 11111111
155115: 110115111111111110111101 1551.1111 21. 11111111111111111111111111111111
51115,51111i151151111111 11,1111111111111 1111111111 1111111111, 1111111 11111111 11
111111: 1111111 1111111311] 1111111 111111 511 1551151151 33. 1111111111111111111
11111111111111111111111111111111111111111111111 1111111111 1111111111 23,
111111111111111111111111111,11111111111111111111111111111111111111111111
11111111111111110111111230111111111111111111111111111111111111111111
11111 31. 1055 1111111111 1111111 1'0g11115111 511111 111111551111111 1111111111 rabbi,
111111111132,11111111111111ε111111111111111111111111111111111
110511 11111111 33 51111111 11111111111111111111111 51151111111111111'. 1111111111
111111111111111111111111111111111111111111111231. 11151111115515 115115515
111,11111111111111111111111, 11111 1115 11111511, 5·111155111515111 opus
51115 55 N0111151111151111115115111511111115 1111 111111111111111,111111111
11111111111111111111111111111111111111111111111111111111111111111,
1111111111111111111111111111111 33 111111111111111111 11111111111111111111
111111111511111111111111 11111111111111111,1111111111111111111,1111113111-
1111111 1111111 1'1 31. 111 1101 5111111 551115111111111 1¹11151111,111101115111 511115
551, 111115511111151, 51511115, 1111111111, 33 1111111111 1111111111, 1111111
11111111 11111111111·11111111111111111111111111111111113311111111111
11115111111511111111515111115111111 1111111011111111111111 ,11111111 11111111 111
111 111111111111 111111111111111 11111111111115 1111111111111111111 5111111 11111 11111.
15 1111 11·11 11111111111111 1151111131111111111 11i,11 15g5111111511,111 1111111111
1111111111 41. 111 11111111511 1111111'111.111111 11 11111111 11·111111111111111111
1111111111 1111111111111111,12111 11111 111111 1111111111. 111111111111111'1111111151 1111111

 

