'A A. Euangeliou] 5101111111111011111111. ’59

(11115151, 11011111, 111 01011111 111 11111111,2 31. Dixit ei Aeone: Ε1 11111511,
1111111011111111111011111,11151151. 39. 11111111111111110111111111111110
1111111111,11111111111011111111111 111111111111111111111 0110111111, 40
Eo 111111111111111 Ρ1111151115,1111 0111 111501111 11111111111111 11ῑΝ11111-

1111111110511101111111Μ1,11111111510515 8101101111115,1011
1111111·1115111011111111; 5111 111011151 111111111011115,11100111111115111111111111
111110115.

Χ,1.1111111, 1110111110110115111111011111111011111111111111111
00101011101111111, 511115011111111111111,11 1111 111 1511 1111110, ‘A Ani
11111111110111111· 11111111, 11ομ15101· 151 0111111, 3. Η1110 0511111115
11111111 101115 110011111115 1111111111,0151150110111151100111101111-
111111, 111110111οἰ1 111115. 4 0111111110115 51150111151111511

1151511111,111011011111111111500111111 (1111150111111151100111.
5. Alienum autemnon 51011111, 5111111111 110 10, quin non nonerunt
1115 11001111. 6. Ηο0 prouerbium 1111111 11115 115115. 1111 1111111 1011
001101111·1111,1111011 loquebatur 115. 1. 1111111 engo 115 Aerem: Amen,
111111 1100110115, 1111111110 51111 11111101111111, 8. 1110111110111111111111,
11115 51111 11111101105, 5111 101 1111111111105 0111511. Ε1051111111111ς
111-1110 5111111151111011111, 511111011111111110111111111111111150111
1111111111111 Ε111101111111,111511111111111010111111111111.
Ε11011111,1111111111111111111111111111111111151111111111.1,1 Ego 511111
1115101 110115; 1115101 enine 1011115 111111115111111111111111001111115
51115. 12. 1111011111115 auten 11 11111 1011 151 1115101, 0111115 10115111
1110111111 01,15 1111111111111111111111101111111111111111110111511111111,111111
1111011111111515111111151·11111111151111·1·,·1101115,13 1101011111111115
1111011110111111111111011111111111515111101111111111111111111111111011111151-1.
Ε1105111111115101101115, 11 cognosco 11115, 11001110501111 1110 mene, 15. Siout
agnoseit 110 111111, 11111011105101111011,11111111111111111010 1110 0111-
111151111115. A Ε111115011051111 110, 111111101 511111 11111100 011 11111,1 0111115
010111 1111111111·1110111,1111101111111101 111111111011·10111111151111111111111
1115101. tw 11011111011111 1110111111111 1111111101101011111111111 1111111, 111
11011111 5111111111111, 13. Nemo 101111 11111 111, 50110110 11010 enne
11110 11150, potestatem 111110 1101111111111,111101151111111111110 11111111
5111101111 01111. Ηο0 praeceptum 10011111111111. 11). 1115511510 11011111
1101105111111·111110511101111151111101151105 21). Ε1111001111111111111
0111115 1111101111111111111111111111111111111111111111111111
111011111111111011111110111111111111101111111111111151111111111111111-
1110111111 1101151 1110011111 oeulos 11011111 22 Factae 511111 111011111
1111105011)1·11115 ’231111111111111101115111111111110111101101811011101115,

 

